lr: 0.002814366525559729
momentum: 0.9358574472092307
weight_decay: 0.00028119871394357654
rpn_nms_thresh: 0.7181562575241403
box_score_thresh: 0.43971720969462397
box_nms_thresh: 0.444413642982941