lr: 0.002312710192703679
momentum: 0.9400456282310362
weight_decay: 0.000803511855865373
rpn_nms_thresh: 0.5412475485026587
box_score_thresh: 0.3616756903016192
box_nms_thresh: 0.5218018299870992