lr: 0.004721597694278547
momentum: 0.9701987802041914
weight_decay: 0.0003167307609446013
rpn_nms_thresh: 0.47939754403849205
box_score_thresh: 0.3904293783543185
box_nms_thresh: 0.47711825430956967