F1: 0.8505741963274143
lr: 0.00013303213490253865
weight_decay: 0.000634452620786745
conf_thresh: 0.3870638616153113
nms_thresh: 0.7344740989995254