F1: 0.8888883670175047
lr: 0.0001263998071560396
weight_decay: 0.0007275170129315776
conf_thresh: 0.3889009352979106
nms_thresh: 0.6204882048423833