F1: 0.7070702112032662
lr: 0.00015129971172741044
weight_decay: 5.903078952644759e-05
conf_thresh: 0.39501958189471964
nms_thresh: 0.4239913110526557