F1: 0.12714763787639136
lr: 0.0004230171492040368
weight_decay: 0.00038787479601013755
conf_thresh: 0.0306779936577515
nms_thresh: 0.7065997807444852